BL	N	stra	Rep	RM	RL	RLD	RlR	Rlh	Wm	Wl	Wld	Wlr	Wlh	FD	WT
---------------------------------------------------------------------------------------------------------------- ------------------------------
1	1	0	0	7502899	14382664	5470155	14382664	0	2113123	6092971	557292	6092971	0	65524	0
1	1	0	1	7502899	14382664	5470155	14382664	0	2113123	6092971	557292	6092971	0	65524	0
1	1	1	0	7502899	14382664	0	14382664	0	2113123	6092971	0	6092971	0	0	6092971
1	1	1	1	7502899	14382664	0	14382664	0	2113123	6092971	0	6092971	0	0	6092971
1	1	2	0	7502899	14382664	0	14382664	0	2113123	6092971	0	0	0	0	6092971
1	1	2	1	7502899	14382664	0	14382664	0	2113123	6092971	0	0	0	0	6092971
1	2	0	0	7502899	14382664	3244358	14382664	0	2113123	6092971	2815848	6092971	0	32765	0
1	2	0	1	7502899	14382664	5437283	14382664	0	2113123	6092971	590164	6092971	0	65524	0
1	2	1	0	7502899	14382664	0	14382664	0	2113123	6092971	0	6092971	0	0	6092971
1	2	1	1	7502899	14382664	0	14382664	0	2113123	6092971	0	6092971	0	0	6092971
1	2	2	0	7502899	14382664	0	14382664	0	2113123	6092971	0	0	0	0	6092971
1	2	2	1	7502899	14382664	0	14382664	0	2113123	6092971	0	0	0	0	6092971
1	4	0	0	7502899	14382664	2933491	14382664	0	2113123	6092971	3126719	6092971	0	32761	0
1	4	0	1	7502899	14382664	5371610	14382664	0	2113123	6092971	655837	6092971	0	65524	0
1	4	1	0	7502899	14382664	0	14382664	0	2113123	6092971	0	6092971	0	0	6092971
1	4	1	1	7502899	14382664	0	14382664	0	2113123	6092971	0	6092971	0	0	6092971
1	4	2	0	7502899	14382664	0	14382664	0	2113123	6092971	0	0	0	0	6092971
1	4	2	1	7502899	14382664	0	14382664	0	2113123	6092971	0	0	0	0	6092971
1	8	0	0	7502899	14382664	2971534	14382664	0	2113123	6092971	3088682	6092971	0	32755	0
1	8	0	1	7502899	14382664	5305884	14382664	0	2113123	6092971	721563	6092971	0	65524	0
1	8	1	0	7502899	14382664	0	14382664	0	2113123	6092971	0	6092971	0	0	6092971
1	8	1	1	7502899	14382664	0	14382664	0	2113123	6092971	0	6092971	0	0	6092971
1	8	2	0	7502899	14382664	0	14382664	0	2113123	6092971	0	0	0	0	6092971
1	8	2	1	7502899	14382664	0	14382664	0	2113123	6092971	0	0	0	0	6092971
2	1	0	0	7502899	9042483	3095529	9042483	0	2113123	3406947	278658	3406947	0	32760	0
2	1	0	1	7502899	9042483	3095529	9042483	0	2113123	3406947	278658	3406947	0	32760	0
2	1	1	0	7502899	9042483	0	9042483	0	2113123	3406947	0	3406947	0	0	6813894
2	1	1	1	7502899	9042483	0	9042483	0	2113123	3406947	0	3406947	0	0	6813894
2	1	2	0	7502899	9042483	0	9042483	0	2113123	3406947	0	0	0	0	6813894
2	1	2	1	7502899	9042483	0	9042483	0	2113123	3406947	0	0	0	0	6813894
2	2	0	0	7502899	9042483	1966208	9042483	0	2113123	3406947	1424358	3406947	0	16381	0
2	2	0	1	7502899	9042483	3079083	9042483	0	2113123	3406947	295104	3406947	0	32760	0
2	2	1	0	7502899	9042483	0	9042483	0	2113123	3406947	0	3406947	0	0	6813894
2	2	1	1	7502899	9042483	0	9042483	0	2113123	3406947	0	3406947	0	0	6813894
2	2	2	0	7502899	9042483	0	9042483	0	2113123	3406947	0	0	0	0	6813894
2	2	2	1	7502899	9042483	0	9042483	0	2113123	3406947	0	0	0	0	6813894
2	4	0	0	7502899	9042483	1720930	9042483	0	2113123	3406947	1669638	3406947	0	16379	0
2	4	0	1	7502899	9042483	3046227	9042483	0	2113123	3406947	327960	3406947	0	32760	0
2	4	1	0	7502899	9042483	0	9042483	0	2113123	3406947	0	3406947	0	0	6813894
2	4	1	1	7502899	9042483	0	9042483	0	2113123	3406947	0	3406947	0	0	6813894
2	4	2	0	7502899	9042483	0	9042483	0	2113123	3406947	0	0	0	0	6813894
2	4	2	1	7502899	9042483	0	9042483	0	2113123	3406947	0	0	0	0	6813894
2	8	0	0	7502899	9042483	1700820	9042483	0	2113123	3406947	1689755	3406947	0	16372	0
2	8	0	1	7502899	9042483	3013331	9042483	0	2113123	3406947	360856	3406947	0	32760	0
2	8	1	0	7502899	9042483	0	9042483	0	2113123	3406947	0	3406947	0	0	6813894
2	8	1	1	7502899	9042483	0	9042483	0	2113123	3406947	0	3406947	0	0	6813894
2	8	2	0	7502899	9042483	0	9042483	0	2113123	3406947	0	0	0	0	6813894
2	8	2	1	7502899	9042483	0	9042483	0	2113123	3406947	0	0	0	0	6813894
4	1	0	0	7502899	8026931	2588057	8026931	0	2113123	2882915	278479	2882915	0	16379	0
4	1	0	1	7502899	8026931	2588057	8026931	0	2113123	2882915	278479	2882915	0	16379	0
4	1	1	0	7502899	8026931	0	8026931	0	2113123	2882915	0	2882915	0	0	11531660
4	1	1	1	7502899	8026931	0	8026931	0	2113123	2882915	0	2882915	0	0	11531660
4	1	2	0	7502899	8026931	0	8026931	0	2113123	2882915	0	0	0	0	11531660
4	1	2	1	7502899	8026931	0	8026931	0	2113123	2882915	0	0	0	0	11531660
4	2	0	0	7502899	8026931	1957509	8026931	0	2113123	2882915	917217	2882915	0	8189	0
4	2	0	1	7502899	8026931	2579855	8026931	0	2113123	2882915	286681	2882915	0	16379	0
4	2	1	0	7502899	8026931	0	8026931	0	2113123	2882915	0	2882915	0	0	11531660
4	2	1	1	7502899	8026931	0	8026931	0	2113123	2882915	0	2882915	0	0	11531660
4	2	2	0	7502899	8026931	0	8026931	0	2113123	2882915	0	0	0	0	11531660
4	2	2	1	7502899	8026931	0	8026931	0	2113123	2882915	0	0	0	0	11531660
4	4	0	0	7502899	8026931	1968052	8026931	0	2113123	2882915	906675	2882915	0	8188	0
4	4	0	1	7502899	8026931	2563469	8026931	0	2113123	2882915	303067	2882915	0	16379	0
4	4	1	0	7502899	8026931	0	8026931	0	2113123	2882915	0	2882915	0	0	11531660
4	4	1	1	7502899	8026931	0	8026931	0	2113123	2882915	0	2882915	0	0	11531660
4	4	2	0	7502899	8026931	0	8026931	0	2113123	2882915	0	0	0	0	11531660
4	4	2	1	7502899	8026931	0	8026931	0	2113123	2882915	0	0	0	0	11531660
4	8	0	0	7502899	8026931	1725249	8026931	0	2113123	2882915	1149484	2882915	0	8182	0
4	8	0	1	7502899	8026931	2547108	8026931	0	2113123	2882915	319428	2882915	0	16379	0
4	8	1	0	7502899	8026931	0	8026931	0	2113123	2882915	0	2882915	0	0	11531660
4	8	1	1	7502899	8026931	0	8026931	0	2113123	2882915	0	2882915	0	0	11531660
4	8	2	0	7502899	8026931	0	8026931	0	2113123	2882915	0	0	0	0	11531660
4	8	2	1	7502899	8026931	0	8026931	0	2113123	2882915	0	0	0	0	11531660
8	1	0	0	7502899	8010675	2317761	8010675	0	2113123	2620899	294949	2620899	0	8189	0
8	1	0	1	7502899	8010675	2317761	8010675	0	2113123	2620899	294949	2620899	0	8189	0
8	1	1	0	7502899	8010675	0	8010675	0	2113123	2620899	0	2620899	0	0	20967192
8	1	1	1	7502899	8010675	0	8010675	0	2113123	2620899	0	2620899	0	0	20967192
8	1	2	0	7502899	8010675	0	8010675	0	2113123	2620899	0	0	0	0	20967192
8	1	2	1	7502899	8010675	0	8010675	0	2113123	2620899	0	0	0	0	20967192
8	2	0	0	7502899	8010675	1978227	8010675	0	2113123	2620899	638577	2620899	0	4095	0
8	2	0	1	7502899	8010675	2305504	8010675	0	2113123	2620899	307206	2620899	0	8189	0
8	2	1	0	7502899	8010675	0	8010675	0	2113123	2620899	0	2620899	0	0	20967192
8	2	1	1	7502899	8010675	0	8010675	0	2113123	2620899	0	2620899	0	0	20967192
8	2	2	0	7502899	8010675	0	8010675	0	2113123	2620899	0	0	0	0	20967192
8	2	2	1	7502899	8010675	0	8010675	0	2113123	2620899	0	0	0	0	20967192
8	4	0	0	7502899	8010675	1364610	8010675	0	2113123	2620899	1252195	2620899	0	4094	0
8	4	0	1	7502899	8010675	2289211	8010675	0	2113123	2620899	323499	2620899	0	8189	0
8	4	1	0	7502899	8010675	0	8010675	0	2113123	2620899	0	2620899	0	0	20967192
8	4	1	1	7502899	8010675	0	8010675	0	2113123	2620899	0	2620899	0	0	20967192
8	4	2	0	7502899	8010675	0	8010675	0	2113123	2620899	0	0	0	0	20967192
8	4	2	1	7502899	8010675	0	8010675	0	2113123	2620899	0	0	0	0	20967192
8	8	0	0	7502899	8010675	1598671	8010675	0	2113123	2620899	1018138	2620899	0	4090	0
8	8	0	1	7502899	8010675	2273047	8010675	0	2113123	2620899	339663	2620899	0	8189	0
8	8	1	0	7502899	8010675	0	8010675	0	2113123	2620899	0	2620899	0	0	20967192
8	8	1	1	7502899	8010675	0	8010675	0	2113123	2620899	0	2620899	0	0	20967192
8	8	2	0	7502899	8010675	0	8010675	0	2113123	2620899	0	0	0	0	20967192
8	8	2	1	7502899	8010675	0	8010675	0	2113123	2620899	0	0	0	0	20967192
